-0.038669653236866
0.0982075110077858
-0.03607507050037384
-0.031954459846019745
-0.03293317183852196
0.04511197656393051
-0.02216317132115364
-0.07895617932081223
0.2824673354625702
-0.09099192172288895
0.3107704818248749
0.03454110771417618
-0.1674644649028778
-0.11461149901151657
-0.06651004403829575
0.1632152646780014
-0.19611406326293945
-0.0804426446557045
-0.028608182445168495
-0.05470319837331772
0.062347352504730225
0.02666153386235237
0.011501959525048733
0.03700949251651764
-0.19761477410793304
-0.2663796842098236
-0.04990559071302414
-0.1587744653224945
0.0929659754037857
-0.15295922756195068
-0.07547250390052795
0.11166035383939743
-0.1518382877111435
-0.06342785805463791
0.007286460138857365
0.06884102523326874
-0.061067599803209305
-0.010198237374424934
0.17046773433685303
0.06369540840387344
-0.19313248991966248
0.02729542925953865
0.03367537632584572
0.27591586112976074
0.19549809396266937
0.001021336647681892
-0.03208855167031288
-0.12739087641239166
0.18146134912967682
-0.29615673422813416
0.08860640227794647
0.11038126051425934
0.11674889922142029
0.09790097922086716
0.07956869900226593
-0.15334035456180573
-0.013261282816529274
0.06043998897075653
-0.2144005447626114
0.061748355627059937
0.01490844413638115
0.007301453500986099
-0.04604336619377136
-0.011944212950766087
0.12198954075574875
0.15729384124279022
-0.09816236793994904
-0.11028558015823364
0.13445766270160675
-0.1450183093547821
-0.06905605643987656
0.13117769360542297
-0.09355591982603073
-0.2399696558713913
-0.3294984698295593
0.027344726026058197
0.4170147180557251
0.16390123963356018
-0.13861945271492004
0.026888437569141388
-0.012435413897037506
-0.0757296085357666
0.08492045849561691
0.07477537542581558
-0.08874927461147308
0.005775442346930504
-0.0620899572968483
0.05437437817454338
0.17932946979999542
-0.03160781413316727
-0.06473096460103989
0.23692955076694489
-0.027838367968797684
0.0972590446472168
0.00813603587448597
0.1246466264128685
-0.08789142966270447
-0.009475021623075008
-0.16734570264816284
-0.09326191246509552
0.07121405750513077
-0.024265818297863007
-0.013836706057190895
0.12256182730197906
-0.17443618178367615
0.17274871468544006
0.041599296033382416
-0.012146016582846642
0.03170554339885712
0.02124824933707714
-0.07696105539798737
0.016618523746728897
0.13810645043849945
-0.2163046896457672
0.22348080575466156
0.12770944833755493
0.06969185173511505
0.11388309299945831
0.09587894380092621
-0.01713978871703148
-0.013123755343258381
-0.09436387568712234
-0.15624691545963287
-0.05401680991053581
0.0409628301858902
-0.04942840710282326
0.027124281972646713
-0.021954016759991646
##End##
-0.05525650084018707
0.16839352250099182
0.02559070847928524
-0.05646708607673645
-0.038179416209459305
0.010357221588492393
-0.09551037102937698
-0.07591090351343155
0.17281168699264526
-0.05665982887148857
0.136924609541893
-0.10693654417991638
-0.27172625064849854
0.017580075189471245
-0.08446858078241348
0.05183035135269165
-0.16947878897190094
-0.17275431752204895
-0.08325690776109695
-0.11339481920003891
0.09952113032341003
0.06201019510626793
-0.10605498403310776
0.1264210194349289
-0.1454068124294281
-0.27755072712898254
-0.0694049820303917
-0.11341900378465652
-0.014254053123295307
-0.2058902233839035
0.040086496621370316
0.0003155564481858164
-0.21673588454723358
-0.01592322438955307
-0.03342350572347641
0.0509166456758976
-0.019333086907863617
-0.08980076014995575
0.09921283274888992
0.010861765593290329
-0.10608748346567154
0.07804212719202042
-0.02619798853993416
0.31531423330307007
0.17040853202342987
0.07580320537090302
-0.04744519293308258
-0.0658649429678917
0.1508539915084839
-0.2958332598209381
0.05907561630010605
0.26731088757514954
0.05623966455459595
0.038853585720062256
0.06257490813732147
-0.12297104299068451
-0.022080883383750916
0.13369105756282806
-0.20899546146392822
0.14156828820705414
0.09198091179132462
-0.017609456554055214
-0.04599124565720558
-0.11756725609302521
0.07795850187540054
0.09683377295732498
-0.12541644275188446
-0.14506295323371887
0.0708320140838623
-0.2282976657152176
-0.0693848580121994
0.10413321852684021
-0.08465088903903961
-0.22997818887233734
-0.22264744341373444
0.08276821672916412
0.44632086157798767
0.1667129099369049
-0.14563733339309692
0.030165694653987885
-0.060467302799224854
-0.01100471056997776
0.060750678181648254
-0.03584909811615944
-0.09427445381879807
-0.05982980132102966
-0.11519695073366165
0.11669836938381195
0.24899376928806305
0.059964120388031006
-0.0607161670923233
0.22130005061626434
-0.06461864709854126
-0.029024802148342133
-0.017960432916879654
0.03840508311986923
-0.09407483786344528
-0.0012719142250716686
-0.08426981419324875
0.0172234158962965
0.03247935324907303
-0.04399866238236427
-0.10767190158367157
0.06895630806684494
-0.13597846031188965
0.16896677017211914
0.014456596225500107
-0.022778691723942757
-0.05743139982223511
0.007707848679274321
-0.22994299232959747
0.041920386254787445
0.26059237122535706
-0.26984620094299316
0.1771489977836609
0.14190660417079926
0.10697247087955475
0.08026322722434998
0.048479076474905014
0.014582552015781403
0.018167441710829735
-0.08422788977622986
-0.21022555232048035
-0.14520293474197388
0.07778020203113556
-0.00752178393304348
0.028825514018535614
-0.0413176603615284
##End##
-0.05947913974523544
0.04686017334461212
0.04341161996126175
-0.040706150233745575
-0.1711668223142624
0.058344047516584396
-0.006867162883281708
0.022874897345900536
0.18248321115970612
-0.17277933657169342
0.2256121188402176
-0.08736603707075119
-0.3105316460132599
0.03197445720434189
-0.03199014440178871
0.13219773769378662
-0.12226401269435883
-0.12310333549976349
-0.06379731744527817
-0.05963847413659096
0.07185909152030945
0.11719337105751038
0.05582207441329956
0.0716741532087326
-0.2225257158279419
-0.3891807198524475
-0.08168211579322815
-0.1077004000544548
-0.0654701292514801
-0.1648721992969513
0.0027977079153060913
0.1307033747434616
-0.11230748891830444
-0.004398161545395851
0.04363127797842026
0.10187995433807373
-0.06034557521343231
-0.10296966880559921
0.24255527555942535
0.08736716955900192
-0.2566069960594177
-0.02840970829129219
0.04089144617319107
0.3503887355327606
0.17824402451515198
-0.025370899587869644
0.030824627727270126
-0.04461591690778732
0.12127085030078888
-0.31603705883026123
0.07686029374599457
0.18285445868968964
0.03394779562950134
0.048055898398160934
0.10502175986766815
-0.11017870903015137
-0.008406015112996101
0.17542217671871185
-0.15932220220565796
0.04695332050323486
0.04031253233551979
-0.09075580537319183
0.008620500564575195
-0.04368156939744949
0.22020022571086884
0.049546223133802414
-0.1107102483510971
-0.10517135262489319
0.258063405752182
-0.1467042863368988
-0.039786506444215775
0.18118514120578766
-0.16544239223003387
-0.24364133179187775
-0.15676379203796387
0.047439608722925186
0.4458482265472412
0.13904906809329987
-0.1131482645869255
0.07403247058391571
-0.06467245519161224
-0.04447329416871071
0.008069043979048729
0.1935710459947586
0.030626382678747177
0.033829499036073685
-0.07572238147258759
0.12481188774108887
0.227925643324852
-0.0595148429274559
-0.02584097906947136
0.32895389199256897
0.05441838502883911
-0.049999937415122986
0.1467440277338028
0.03721962124109268
-0.09968964755535126
-0.06131647154688835
-0.15855495631694794
-0.053828708827495575
0.0615890771150589
-0.1394890546798706
-0.06053268909454346
0.08741185814142227
-0.2142660915851593
0.18179188668727875
-0.05763283371925354
-0.07330430299043655
-0.004922691732645035
-0.06663490831851959
-0.03301673382520676
0.0013743716990575194
0.1952146291732788
-0.31888723373413086
0.0628858357667923
0.11148180067539215
0.03982079029083252
0.2010890692472458
0.012205000035464764
0.07500913739204407
0.04246848076581955
-0.11661826819181442
-0.19750331342220306
-0.08392241597175598
0.044733915477991104
0.016865208745002747
0.0045384494587779045
-0.008069697767496109
##End##
-0.08927513659000397
0.006511520594358444
-0.061124831438064575
-0.03540172427892685
-0.04702144116163254
-0.08590296655893326
-0.010339215397834778
0.035870082676410675
0.16525547206401825
-0.0794752836227417
0.2046460658311844
-0.04933980852365494
-0.17780791223049164
-0.03030235506594181
-0.04993259161710739
0.05077093094587326
-0.13139083981513977
-0.10899671912193298
-0.04094960540533066
-0.034223124384880066
0.11622980237007141
-0.024057894945144653
-0.09723067283630371
0.11170411109924316
-0.21395796537399292
-0.25309959053993225
-0.053186334669589996
-0.1723679006099701
-0.008489209227263927
-0.15882140398025513
0.010293202474713326
0.09243869036436081
-0.09487546235322952
-0.05314965546131134
0.0338623933494091
0.12728533148765564
-0.011429994367063046
-0.026608148589730263
0.2360323816537857
0.022354092448949814
-0.1446160525083542
0.011595582589507103
0.041937217116355896
0.35764896869659424
0.19401977956295013
0.07387929409742355
0.0035286135971546173
-0.025129884481430054
0.22328446805477142
-0.2767746150493622
0.05155516415834427
0.14242272078990936
0.17380483448505402
0.0678606778383255
0.10722529888153076
-0.19835753738880157
0.05071621015667915
0.05667312070727348
-0.22268804907798767
0.09011468291282654
-0.028152672573924065
-0.01518586277961731
0.011046325787901878
-0.02256426401436329
0.2081565260887146
0.029569996520876884
-0.12422126531600952
-0.04122259467840195
0.2409568578004837
-0.19104550778865814
-0.027448836714029312
0.07459602504968643
-0.1158633604645729
-0.2323296070098877
-0.20025920867919922
0.04990814998745918
0.34783735871315
0.16334374248981476
-0.1472800076007843
0.094873808324337
-0.05415739864110947
-0.07016509026288986
0.021033508703112602
0.014117017388343811
-0.0820288136601448
-0.013696366921067238
-0.11629681289196014
0.033205196261405945
0.2452622354030609
-0.011460971087217331
0.014228403568267822
0.17448784410953522
-0.00040651485323905945
-0.02694104239344597
0.0608181469142437
-0.006144128739833832
-0.1463211625814438
0.016880817711353302
-0.10273715108633041
-0.008163565769791603
0.11235880106687546
-0.1700279712677002
-0.0007129642181098461
0.11158069968223572
-0.23454873263835907
0.12826088070869446
-0.02991560287773609
-0.022314421832561493
-0.042829904705286026
0.05859432369470596
-0.18252813816070557
-0.002732255030423403
0.18509583175182343
-0.22403793036937714
0.191099151968956
0.1238618716597557
0.08319301903247833
0.13038986921310425
0.07519558072090149
0.01046028919517994
0.030719976872205734
-0.02531994879245758
-0.19187551736831665
-0.09001704305410385
0.008675319142639637
0.010168422944843769
0.03255262225866318
0.02566509135067463
##End##
-0.22518202662467957
0.09105585515499115
-0.05331118777394295
-0.044118206948041916
-0.10597992688417435
0.018956944346427917
0.0072529735043644905
-0.09364177286624908
0.10828299820423126
-0.060073040425777435
0.1529851108789444
-0.08327661454677582
-0.2955237329006195
0.015655087307095528
-0.06608221679925919
0.1002848744392395
-0.16053830087184906
-0.19411467015743256
-0.08323655277490616
-0.11127428710460663
0.11544090509414673
0.03454114869236946
-0.10025006532669067
0.09734801203012466
-0.2063392549753189
-0.24971869587898254
-0.06317561864852905
-0.10121152549982071
0.04381933808326721
-0.09246283024549484
-0.01125413365662098
-0.03577718511223793
-0.1179405152797699
-0.027080021798610687
0.051579512655735016
0.10023351013660431
-0.05016772821545601
-0.1092476099729538
0.16862177848815918
0.04698370024561882
-0.09370444715023041
0.01320246234536171
0.07197687774896622
0.3966516852378845
0.08043200522661209
0.05555685609579086
0.0691700279712677
-0.09770132601261139
0.09770508855581284
-0.26712024211883545
0.03913583606481552
0.15482470393180847
0.15252014994621277
0.08255746215581894
0.09048382937908173
-0.16624799370765686
0.07090539485216141
0.0903729498386383
-0.16934579610824585
0.13845013082027435
0.1314636468887329
-0.013206180185079575
-0.05474720150232315
-0.0980806052684784
0.18076281249523163
0.0669674277305603
-0.11737141758203506
-0.0960640162229538
0.13305993378162384
-0.18105532228946686
-0.10643554478883743
0.06101180240511894
-0.06247981637716293
-0.20452360808849335
-0.20751021802425385
0.03130592778325081
0.4468148648738861
0.2379779815673828
-0.18247771263122559
-0.006611465476453304
-0.01316722109913826
0.03874819725751877
0.1581963300704956
0.04167844355106354
-0.13934586942195892
-0.009179053828120232
-0.15267741680145264
0.06507904082536697
0.23162980377674103
0.016315653920173645
-0.01139126904308796
0.18128672242164612
0.14195536077022552
-0.06399209797382355
0.08204761147499084
0.06599609553813934
-0.11862937361001968
-0.03172914311289787
-0.02440354973077774
-0.010364430956542492
0.08480147272348404
-0.10533701628446579
0.03989752382040024
0.08519881218671799
-0.15700384974479675
0.18878071010112762
-0.008679958060383797
-0.03280537948012352
-0.05503519997000694
0.024651823565363884
-0.10120822489261627
0.01954488642513752
0.12162189185619354
-0.26947200298309326
0.0503372959792614
0.2081628292798996
0.029616599902510643
0.12085799127817154
0.02435629814863205
0.04753030091524124
-0.023215899243950844
0.02990155853331089
-0.1609324812889099
-0.1405971646308899
0.00034985505044460297
-0.012678640894591808
0.03523096814751625
0.014959406107664108
##End##
-0.046729862689971924
0.061848681420087814
0.10186003148555756
0.030796660110354424
-0.11372873932123184
-0.07171468436717987
-0.060971103608608246
-0.0646197572350502
0.12913623452186584
-0.05572470650076866
0.24617843329906464
-0.034697581082582474
-0.14219769835472107
-0.020151972770690918
-0.04973013326525688
0.17070375382900238
-0.09535232931375504
-0.01742684282362461
-0.1646934449672699
-0.08036497235298157
-0.11453735083341599
0.021741090342402458
0.07000581920146942
-0.09959036111831665
-0.04512225091457367
-0.40125104784965515
-0.08087937533855438
-0.08056255429983139
0.15241609513759613
-0.07343605160713196
-0.022645538672804832
0.035782117396593094
-0.16617855429649353
-0.17301629483699799
0.09898368269205093
-0.016841009259223938
-0.07668310403823853
-0.04002228379249573
0.2188451886177063
0.04691201075911522
-0.15489210188388824
0.07549361884593964
0.03282974660396576
0.32290688157081604
0.26440566778182983
0.07205694168806076
0.054170288145542145
-0.10237734019756317
0.11404731869697571
-0.3083308935165405
0.08039590716362
0.050328370183706284
0.05247812718153
0.06818836182355881
0.1286042481660843
-0.11260895431041718
0.03193208575248718
0.11665172874927521
-0.1906336545944214
0.07080380618572235
0.1107928603887558
0.01121741533279419
-0.03889492154121399
-0.01934453286230564
0.19295449554920197
0.0659959465265274
-0.09224169701337814
-0.06564915180206299
0.11637341976165771
-0.13566699624061584
0.10312715172767639
-0.006726156920194626
-0.07620301842689514
-0.18089766800403595
-0.3272281587123871
0.08314935117959976
0.4070413112640381
0.17584994435310364
-0.15060004591941833
-0.01781521365046501
-0.02686432935297489
-0.010482721030712128
0.07208450138568878
0.02850051037967205
-0.0826738178730011
-0.07545016705989838
0.01747872121632099
0.002663141116499901
0.15300454199314117
-0.046399179846048355
-0.020172931253910065
0.19592693448066711
-0.04630323126912117
-0.03953530639410019
0.009575307369232178
0.0726344957947731
-0.155239075422287
-0.06374071538448334
-0.145964115858078
-0.031693439930677414
0.06830518692731857
-0.09496071934700012
0.07542156428098679
0.11556039750576019
-0.250687837600708
0.1796799898147583
-0.07590271532535553
-0.032441869378089905
0.05552453547716141
-0.019206862896680832
-0.005039079114794731
-0.00041426741518080235
0.17101319134235382
-0.18846462666988373
0.23727752268314362
0.24108105897903442
0.011640936136245728
0.14916539192199707
0.06973178684711456
-0.021112293004989624
0.0003671981394290924
0.07766378670930862
-0.06623019278049469
-0.10898858308792114
-0.08277109265327454
-0.02347247302532196
0.008626206777989864
0.026833821088075638
##End##
-0.12485551089048386
0.05212461203336716
0.13348621129989624
-0.027708586305379868
-0.18027135729789734
0.01582571491599083
-0.02881297655403614
-0.03569438308477402
-0.002773647429421544
-0.08644380420446396
0.21963432431221008
-0.08691882342100143
-0.32320356369018555
0.04800188168883324
0.04908888414502144
0.06772015243768692
-0.02532479539513588
-0.11751701682806015
-0.11448247730731964
-0.09534692019224167
0.05392887443304062
-0.008393222466111183
-0.09363994747400284
0.02951056696474552
-0.11604359745979309
-0.37291404604911804
-0.04566359147429466
-0.06493818759918213
0.05480867251753807
-0.12655697762966156
-0.01202450506389141
0.0037318130489438772
-0.11959952861070633
0.04843713715672493
-0.00415657926350832
0.07854130864143372
-0.09534591436386108
-0.18519344925880432
0.22611376643180847
-0.03184804320335388
-0.11034869402647018
-0.03784723952412605
0.059428781270980835
0.17026583850383759
0.1368325799703598
0.04217233881354332
0.10405370593070984
-0.036629438400268555
0.12522557377815247
-0.2923037111759186
0.06482833623886108
0.1496245115995407
0.10318684577941895
0.11718614399433136
0.13896773755550385
-0.20835790038108826
0.05132430046796799
0.03271583467721939
-0.13789047300815582
0.08595636487007141
0.04821508377790451
-0.12219163775444031
-0.08499479293823242
-0.14929017424583435
0.19097626209259033
0.0805182084441185
-0.0767187774181366
-0.09288839250802994
0.12878873944282532
-0.1870972067117691
-0.09800227731466293
0.03454739600419998
-0.09957179427146912
-0.12767499685287476
-0.2229945808649063
0.09990667551755905
0.3162749409675598
0.23304632306098938
-0.2531105875968933
-0.020498722791671753
0.011174620129168034
-0.011519953608512878
0.11988327652215958
0.024987343698740005
-0.05111610144376755
-0.11334746330976486
-0.13537387549877167
0.023641640320420265
0.23281145095825195
-0.04105866700410843
0.031107038259506226
0.16248716413974762
0.052935268729925156
0.028441047295928
0.04393521696329117
0.027627253904938698
-0.1493942141532898
-0.06492375582456589
-0.019974665716290474
0.022581659257411957
0.10683926939964294
-0.10934047400951385
-0.013963229954242706
0.0725485309958458
-0.18577222526073456
0.16644996404647827
-0.08729524910449982
-0.04874313622713089
-0.01321566291153431
-0.0582391656935215
-0.1359107345342636
0.03584962710738182
0.14517495036125183
-0.22897283732891083
0.15284672379493713
0.1740325540304184
-0.013070151209831238
0.13227058947086334
0.08713211864233017
0.08214879035949707
-0.009237605147063732
-0.007371658459305763
-0.17930184304714203
-0.1596810519695282
0.02422337979078293
0.014872864820063114
-0.045262157917022705
0.017450138926506042
##End##
-0.0664006918668747
0.06681208312511444
0.06291262060403824
0.01746559701859951
-0.09794943779706955
-0.031167609617114067
-0.04257860779762268
-0.010277599096298218
0.13258664309978485
-0.07250407338142395
0.09725861251354218
-0.08917265385389328
-0.24604769051074982
0.030862700194120407
0.007224561646580696
0.11134807765483856
-0.15191912651062012
-0.09124413132667542
-0.06152082607150078
-0.060642629861831665
0.09715695679187775
0.0808963030576706
-0.021018506959080696
0.11809348315000534
-0.14920467138290405
-0.32588064670562744
-0.04053938761353493
-0.11195383965969086
-0.02542194351553917
-0.09425545483827591
0.018954597413539886
0.09695418924093246
-0.1424710899591446
-0.02308342419564724
0.023459138348698616
0.0877591222524643
0.002907100599259138
-0.09580464661121368
0.2128428965806961
-0.007092834450304508
-0.11547878384590149
-0.0045959921553730965
0.001502099446952343
0.26411908864974976
0.1133323460817337
0.1040310338139534
0.019090283662080765
0.0045778509229421616
0.10797736793756485
-0.3385156989097595
-0.006048353388905525
0.15374907851219177
-0.017068155109882355
0.019307129085063934
0.09164460748434067
-0.15466001629829407
0.01919945701956749
0.04587335139513016
-0.18612419068813324
0.08283411711454391
0.01947978138923645
-0.08622679114341736
-0.004542561247944832
-0.09259781986474991
0.20946702361106873
0.043407149612903595
-0.11418233066797256
-0.0532945953309536
0.06540064513683319
-0.198836088180542
-0.09787862747907639
0.04610216245055199
-0.09953921288251877
-0.16382798552513123
-0.3178600072860718
0.032538317143917084
0.4490649998188019
0.17305588722229004
-0.16714729368686676
0.021272089332342148
0.002475535962730646
-0.02394411526620388
0.12045782804489136
0.06704012304544449
-0.04068900644779205
-0.0583229698240757
-0.10580933094024658
0.1065569669008255
0.22729574143886566
0.0008645299822092056
-0.06929070502519608
0.18701769411563873
0.01031134556978941
0.05776933580636978
-0.04310859367251396
-0.010207528248429298
-0.05268785357475281
-0.02959204837679863
-0.09426338225603104
0.07259030640125275
0.11084984987974167
0.030714482069015503
-0.023054171353578568
0.1394890546798706
-0.15029852092266083
0.07766205817461014
-0.04753490537405014
-0.10404984652996063
-0.03891695290803909
0.046675533056259155
-0.2808274030685425
0.025144528597593307
0.1788334846496582
-0.2350071668624878
0.12868890166282654
0.18234360218048096
0.0034147994592785835
0.10200544446706772
0.041508749127388
0.01670680195093155
0.017916619777679443
0.0001830458641052246
-0.2048325389623642
-0.15027640759944916
0.12714721262454987
0.021987393498420715
0.061127856373786926
-0.007853765971958637
##End##
-0.16646935045719147
0.11341726034879684
-0.005993830040097237
-0.07687634974718094
0.002170942258089781
-0.01933082938194275
0.026160312816500664
-0.08953119814395905
0.2147303968667984
-0.09703288972377777
0.23131372034549713
0.017419543117284775
-0.25828462839126587
-0.0005206025671213865
0.060529276728630066
0.1593075394630432
-0.13304150104522705
-0.12813220918178558
-0.11163361370563507
-0.15731146931648254
0.003469637827947736
0.047552838921546936
-0.0032294257543981075
0.0797540545463562
-0.1714085191488266
-0.2938806414604187
-0.12234354764223099
-0.05992188677191734
-0.04370894283056259
-0.0948958471417427
0.07251528650522232
-0.001597109017893672
-0.11069300770759583
-0.004814852029085159
0.061485838145017624
0.07182931900024414
-0.08480513095855713
-0.09236489981412888
0.2291192263364792
0.029386308044195175
-0.052676524966955185
0.015153092332184315
0.07798565924167633
0.32463258504867554
0.15190614759922028
-0.027134204283356667
0.05242934077978134
-0.07201823592185974
0.10768158733844757
-0.26446858048439026
0.04994889348745346
0.10964235663414001
0.016227159649133682
0.09758514910936356
0.11660127341747284
-0.12156876921653748
-0.0052060093730688095
0.20408955216407776
-0.14876772463321686
0.11703084409236908
0.06412625312805176
-0.008827466517686844
-0.11976765096187592
-0.044416382908821106
0.20863497257232666
0.12532179057598114
-0.2176624834537506
-0.15006788074970245
0.04815693199634552
-0.1143997311592102
-0.08362054824829102
0.0661701112985611
-0.1576223373413086
-0.2429208904504776
-0.24673296511173248
0.13334962725639343
0.41893506050109863
0.13280628621578217
-0.1655971258878708
0.00015925895422697067
-0.023203758522868156
-0.01989450864493847
0.06952599436044693
0.04413637891411781
-0.10605180263519287
-0.09072057902812958
-0.10248900949954987
0.08350007236003876
0.22706212103366852
0.08719582855701447
-0.10258956253528595
0.2385280728340149
-0.017027966678142548
0.03845952823758125
-0.023250067606568336
0.10552802681922913
-0.12089671194553375
-0.056210123002529144
-0.12863299250602722
-0.07499439269304276
0.10099327564239502
-0.03792426735162735
-0.029990525916218758
0.1322154700756073
-0.16822166740894318
0.2325023114681244
-0.005834282375872135
0.020061984658241272
-0.02522318810224533
0.08382720500230789
-0.17339299619197845
0.043086834251880646
0.14139997959136963
-0.2370254546403885
0.14341509342193604
0.18431459367275238
0.046811677515506744
0.09042885899543762
0.0818672701716423
-0.0003557242453098297
0.012640601024031639
0.06743085384368896
-0.17788997292518616
-0.050184763967990875
0.025517519563436508
0.03236444294452667
0.08177747577428818
0.0008468632586300373
##End##
-0.11651945114135742
0.0674591138958931
0.09726100414991379
-0.003732179058715701
-0.09148445725440979
0.06865421682596207
-0.11000494658946991
-0.048137929290533066
0.16206561028957367
-0.11706428229808807
0.19649235904216766
0.016123346984386444
-0.28686246275901794
-0.03131641447544098
0.000897211953997612
0.12984532117843628
-0.18290163576602936
-0.13271193206310272
-0.05828287452459335
-0.013096198439598083
0.01450804341584444
-0.01929367519915104
-0.014472642913460732
-0.0006525684148073196
-0.20211972296237946
-0.39319491386413574
-0.09228552132844925
-0.15287528932094574
-0.04466777294874191
-0.12408795207738876
-0.04375160112977028
-0.040775686502456665
-0.1349966824054718
0.0022687725722789764
0.01015065610408783
0.06231594830751419
-0.004933981224894524
-0.04182666167616844
0.2287389189004898
0.0028348546475172043
-0.21187074482440948
0.0248575396835804
0.02366422675549984
0.1932675987482071
0.1869456171989441
0.019908113405108452
-0.012518376111984253
-0.08701851218938828
0.15005704760551453
-0.3250809907913208
0.14657630026340485
0.1848154515028
0.13890767097473145
0.11812008172273636
0.028106361627578735
-0.0778532326221466
0.05676549673080444
0.10241971164941788
-0.26948434114456177
0.03537769243121147
0.11436937004327774
-0.10059131681919098
-0.06726896017789841
0.051115814596414566
0.15554574131965637
0.16594557464122772
-0.13382026553153992
-0.12928032875061035
0.07788592576980591
-0.19988501071929932
-0.040993571281433105
0.01267479732632637
-0.09489266574382782
-0.2274855077266693
-0.3473796248435974
0.07152707129716873
0.3602009117603302
0.20711791515350342
-0.23676364123821259
-0.002333083190023899
-0.10514077544212341
-0.04025135561823845
0.054362811148166656
0.05683962255716324
-0.0830121710896492
-0.03158421814441681
-0.049715735018253326
0.06790701299905777
0.18172483146190643
0.008994164876639843
0.014845335856080055
0.2479824423789978
0.06741215288639069
0.044709477573633194
0.07245855778455734
0.10888330638408661
-0.05905517563223839
-0.13483422994613647
-0.12417114526033401
-0.0009170146659016609
0.032671984285116196
0.002600904554128647
0.004658184479922056
0.07187262177467346
-0.24328696727752686
0.20713266730308533
-0.017248447984457016
-0.10672737658023834
0.030621686950325966
-0.040650464594364166
-0.10208752006292343
-0.04887840524315834
0.18661853671073914
-0.2554004490375519
0.14441317319869995
0.16812960803508759
0.05899851396679878
0.15832462906837463
0.08058714121580124
0.019692447036504745
-0.050405826419591904
-0.06517022848129272
-0.16424916684627533
-0.08174913376569748
0.05779959633946419
-0.004197556991130114
0.05810733512043953
0.008305535651743412
##End##
-0.10289651900529861
0.03888186812400818
-0.010927374474704266
-0.05484053120017052
-0.08825260400772095
-0.011437512934207916
0.0360276997089386
-0.01992589607834816
0.1597539335489273
-0.06032755598425865
0.23633500933647156
-0.08489393442869186
-0.2771149277687073
0.015838375315070152
0.053068775683641434
0.11850599944591522
-0.15616093575954437
-0.009199915453791618
-0.17082926630973816
-0.010179161094129086
0.045013271272182465
0.03715047985315323
0.07201267778873444
0.14343394339084625
-0.09116296470165253
-0.3730197846889496
-0.10184704512357712
-0.19173581898212433
0.06478643417358398
-0.13727743923664093
-0.027022328227758408
0.046769797801971436
-0.10758525133132935
-0.12773160636425018
0.03387918323278427
0.0333099365234375
-0.07579929381608963
-0.0760449469089508
0.21147572994232178
0.05653022229671478
-0.16452518105506897
0.03374241292476654
0.02695523574948311
0.2688150405883789
0.1639471799135208
0.09764159470796585
0.013529879972338676
-0.06133469194173813
0.09546384960412979
-0.3266952335834503
0.05889597535133362
0.11854183673858643
0.09122864156961441
0.06009900942444801
0.10334357619285583
-0.0717957615852356
0.08306728303432465
0.11165972054004669
-0.30408331751823425
0.12764768302440643
0.10326257348060608
-0.06263750791549683
-0.06595410406589508
-0.024592231959104538
0.17550550401210785
0.13939067721366882
-0.12016990035772324
-0.08888860791921616
0.09910745173692703
-0.199427530169487
-0.0788961797952652
0.07118545472621918
-0.14158876240253448
-0.22946889698505402
-0.2367940992116928
0.0454217866063118
0.38076552748680115
0.21530120074748993
-0.1577913910150528
0.005940786097198725
-0.049914874136447906
-0.054855965077877045
0.062274377793073654
0.10761500149965286
-0.046346910297870636
-0.09205084294080734
-0.0362347736954689
0.06579332053661346
0.10422953963279724
-0.029743734747171402
0.009317723102867603
0.2935680150985718
0.020198551937937737
0.018281735479831696
0.03350629657506943
0.031136885285377502
-0.11923098564147949
-0.08022811263799667
-0.12058062851428986
-0.03585422411561012
0.08167282491922379
-0.030505206435918808
0.00873065646737814
0.04795723408460617
-0.19519644975662231
0.16432230174541473
-0.06821269541978836
-0.0862753838300705
0.05504284054040909
-0.0310987401753664
-0.10119959712028503
-0.008170263841748238
0.17058490216732025
-0.22064603865146637
0.15946954488754272
0.21628829836845398
0.044740598648786545
0.05905978009104729
0.03297979757189751
0.009258156642317772
0.03687819093465805
0.022308506071567535
-0.22621141374111176
-0.07565373182296753
0.10981005430221558
-0.031815946102142334
-0.003904067911207676
-0.06629091501235962
##End##
